3,1,42
000000001011000100010001001000011001100100
000110010011000101110101000000111001100011
000010000000001001010001000000010000000011
000111010011010101110101001000111001100111
001111010010011101010111100010111001000011
000111010010001101010101000000111001000011
100111010010001101010101000000011001000011
000111010010001101010101000000111001000011
000111010000001001010101000000110000000011
3,42,78
110111001011010110110101101101010100001001101010000000100011110010010111000011
010111000001110110110101001101001110001101101000010000100011110010010110001010
010111000001100110010101001101000110001101101010010000100011110110110111001010
100000111010001000000010110011110011111010010101110111001100001001010001100001
100010111110001001101110110111110001011010001101110111001100001001011011100001
100010111110001001001110110011110011011010011101110111001100001001011011100001
110111001011010110010101101101010100001001101010000000100011110010010111000011
100010101110001001101110111101110001011010001101110111001101001001011010100001
000111001011010110010101101101010110001001101010000000100011110010010101000011
011111000001100110110101001101011110001101101010010000100011110010110111001010
100000111010001000001010110011111001111010000100100111000100001001010001100001
010111000001110010010101001101000110001101101010010000100011110010110111001010
010101001000010110000101001101000100001001101000000000100011110010010111001010
010111001001110110010101001101010100101001101000000000100011110010010111001010
100010101100001001101110111101100001011010001101110111001100001001011011100000
100000010010001001001010110011010001010010110101101101011100011100001001110001
010111000001100110010101001101010110001101101010010000100011110110110111001010
100000110000001000001110010110101011011010000101100111001100001001011011100000
010111000101110110010101001100000110001001111000000000100011110010010111001010
100010110010001000001110110111111001011010000101110101001101001001001011100001
101000001100010110101000000000100011101100011100000011100000000011010101000000
100010111010001000001110111011111011011010001101110111001101001001011010100000
011111001001110110010101001101000110001001101000000000100011110010010111001010
100000110000001000001110010110101011011010001101110111001100001001011010100000
010111000001110010110101001101011110001101101010010000100011110010110110001010
011111001000110110010101001101010110001001111010000000100011110110010111001010
101111000010010110010101101101010110001001101010000000100011110010010101000011
010101001000110110010101001101000100001001101000000000100011110110010111001010
011111001000110110010101001101000110001001101010000000100011110010010111001010
011111001000110110010101001101010110001001111000000000100011110110010111001010
100010111010001001101110111001110011011010001101110111001101001001011010100001
100010110010001000001110110111111001011010100101110101011100001001001010100001
100000111010001000001010110011110001111010010101100111001100001001011001100001
111111001010010110010101101101010110001001101010010000100011110110010111000010
011101001000110110010101001101000110001001101000000000100011110110010111001010
100000111010001000001010110011110001111010000101100111001100001001000001100000
011111000101110110010101001101010110001001101010001000100011110110010111001010
010111001001110110010101001100010100101001101000000000100011110110010111001010
010111000001110110110101001101011110001101101010010000100011110110110111001010
010111000011100110010101101101011110001101101010010000100011110110010111000010
100010110010001000001110110111111001011010101101110101001100001001001011100001
100010110010001000001110110011111011011010001101110111001100001001011001100001
001111000011100100110001100111010110011001111010000000100011110010000111000011
011110000001100000010001001100011110001001101010000000100011110010010111001010
011110000001100000010001000100011110001001101010001000110011110010110101001010
100001101010011100001110111001100001101010011101110111000101001001011010000001
100011101010001101001110111101100001001110001101110111000111001001011111000101
100011101010001101001110111101100001001110001101110111000111001001011011000001
001111000011000110110001100111010110011001111110000000100011110110010101000011
100011101010111111101110111101110000001110001101110111000111001001011111000101
001111010011000110110001101111010110001001111010000000100011010110010101100011
011111000001100000010101001101011110011001101010001000100011110010110111001010
100001101010011100001110111011100001101010010101110111000101001001011011100001
011110000001100010010001001100010110001001100000001000000010110010110101010010
001100000101000110110001001110000110011001111100000000110011110110010100000010
011110000101000010010001001110010110111001111100000000100011110010010101000010
100010101000010101111110111101100000001110001101110111000111000101011111001010
100000001110001001001110110011110001110010110101110100011101011101001000100001
011110000001100000010001000100011110001001101010001000110011110010110101001010
100010100000001101001110011100100001001110001101110111000100001001011011000001
011100000101000000110001001110010110011001111100000000100011110010010100000000
100011101010101001001110110101100001001110101101110101000101001001001011000101
100000110100010110111100001000010011011000011100000010100000000001010110100000
100010101010001101001110111101101001001110001101110111000101001001011011000001
011100000101000110010001001110010110011001111100000000100011110010010101100010
100010101000001101001110011100100001001110001100110111000100001001011011000001
011110000001100000010101001100011110011101101010000000100011110110110111000010
011100000001000110010001000110010110011001110100000000100011110110010101100010
011111000010000100010001101111011110001001111010000000100011110010010101000011
001100000101000010110001001110010110011001111100000000100011110110010101000010
011110000101000100010001001110010110001001111000000000100011110010010101000010
011100000101000110010001001100010110011001110100000000100011110110010101000010
100011101010111110101110111101110001001110001101110111000111001001011111000001
100011101010101001001110110101100001001110101101110101000101001001001011000101
100001101010011101001110111001100001101010001101110111000101001001011010000001
001111000011000110110001100111010110011001111000000000100011010110000101000011
001100000101000110110001001110010110001001110100000000100011110010010101100010
100001101010011101001110111001100001101010011101110111000101001001011010000001
010110000101000010000001001110010110001001111000000000100011110010010101000010
011110000101000010010001001110011110011001111100000000100011110010010101000010
010111000001100000010101001101011110011101101010001000100011110010110111000010
001111000010000000010001101101011110001001101000000000100011110010010101000011
100011101010101001001110110101100001001110101100110101000101001001011011000101
100011101010001101001110110101100001001010001100110111000101001001011011000001
000111001110101010110001101101011110010001111110010000100001111000010010000001
000110000000000010100001101101011110000011101000010000100011011000010011000000
000110000000001010100001101101011110000011101000010000110011111000010011001000
100001101010111101011110110000100001101110000111111111001111000101111111000101
100011100011110101111110100100100001001100101011011111001111000101111111001101
100011100010110101011110100100100001001100101111011111001111000101111111001101
000111001110000010110001101101011110010001111110010000100001111000000010000001
100011100010110111111110100100100001001100101111011111001111000111111111001111
100111001110000010110001101101010110010001111010010000100001111000010011000001
010110000001100010100101101101011110000011101000010000110011111000010011000000
100001101010110101011110100000100001101100001111111111000111000101111110000101
000110000000000010000001101101010110000011101000010000010001111000010011010000
000100000100000010100001001101011110010001111100000000100001011000000000000000
000100000100001010100001001111011110010001111000000000100001011000000011000001
100110100000010101111110010100100001001101101001001111011111000111111111001110
100001001010110101001110100000100000101110100111110100001101110101001110000101
000110000001001010100001101101011110000111101000010000110011111000010011000000
100010100000111101001110000100100001001110101001001111001110000001011101001100
000100000100000010000001101101010110010001111000000000100001011000010010010001
100011100010111101111110100100100001001110101111011101011111000101101111001101
000001101100111110101100001000100011101110011100000011100010001001010110000000
100011100010111101011110100100100000001100101111111111001111000101111111001111
000100000100000010100001101101011110010001111000000000100001011000010000000000
100010100000111101001110000100100001001110101001001111001110000101011111001100
000110000000100010000101111101011110000001101000010000100011111000010011010000
000100000100000010100001001101011110000011111100000000100001011000000001000000
100111001110000010100001101101010110010001111010010000100001111000010010000001
000100000100000010100001001101011110010001111100000000100001011000010011000000
000100000100000010100001001101011110010001111100000000100001011000010011000000
000100000100000010000001001101011110010011111100000000100001011000010011000001
100011100010110111111110100100100001001100101111011111001111000101111111001111
100011100010111101011110100100100001001110101111011101011111000101101111001101
100001101010110101011110100000100001101110000111111111001111000101111110000101
000111001110000010110001101101011110010001111110010000100001011000010011000001
000100000100000010100001001101011110010001111100000000100001011000000001000000
100001101010110101011110100000100001101100001111110111001111000101111111000101
000100001100000010100001101101010110010001111000000000100001011000010000010000
000100000100000010100001001111011110010011111000000000100001011000000011000001
000110000000100010100001101101011110000111101000011000110011111000010011000000
000111000010000010110001101101011110000001101000010000000001111000010011000001
100011100010111101011110100100100001001110101111011101011111000101101111001101
100011100010111101011110100100100001001110101111011111001111000101111111001111
001100000011010110010001101101010100000001101010000000100011110010001111000011
011110000001100010010001001100001100000100111010010000100011110010101111000010
011110000001100010000001001100000100000101101010010000100010110010101111000110
100000111110001011101110111011110011111010001100100111000101001001010001100001
100010101110001011111110111101010011011010001100110111100101001001010011000001
100110100110001011111110111111010011011010001100110111100101001001010011100001
001101000011010110010001100100010100000001101010000000100011110010001111000011
100010100110001111111110111101010011011010001110110111100101001101010011000001
001100000011010110010001100100010100000001111000000000000011110010001101000011
011111000001100010000101001100001100000101101010010000100011110010101111000110
100000111110001001111110111111110011111010000100100111000101001001010001000001
011111000001110010000001001100000110001100111010010000100010110110101111000010
001101000001110110010001000100000100000001101000000000100010110010101110000010
011100000001110110000001000000000100000101101000000000000010110010101111010010
000010101100001111111110011101010001011010001110110111100101001101010011000001
100000011110001001101010110011110000010010100101100101011101011101000000100001
011110000001100010000001001100000100000100101010010000100010110110101111000110
100110100100001001101110011101010011011010001100110111101101001001010011000001
011101000001110110000001001000000100000101111000000000100010110110101111010010
100110100110001001111110111101010011011010101100110101100101001001010011000001
101001100000010110001100001100110011001100011100000010100000000011010110000000
100110100110001011111110111101010011011010001100110111100101001101010011000001
011100000001110110000001000000000100000101101000000000000010110010101100010110
100110100100001001101110111101110011011010001100110111100101001001010011000001
011110000001110010100001001000001110000100111010010000100011110110101111001010
011100000001110110000001000000000100000100111000000000000010110010101111000010
101101000011010110000001100101110100000000111000000000100011110110001111000001
011101000001110110000001000100000100000100111000000000100010110010101111000010
011100000001110110000001000000000100000101111000000000100010110010101111000010
011101000001110110000001000000000100000100111000000000000010110110101111000010
100110100110001111111110111101010011011010001101110111100101001101010011000001
100110100110001001101110111101010011011010101100110101100101001001010011000001
100000111110001001101110111111110011111010001100100111100101001001010000000001
001101000011010110000001100100010100000001111000000000000011110010001101000010
011101000001110110000001000100000100000000101000000000100010110010101111000010
100000111110001001111110111111110011111010001100100111100101001001010001100001
011100000001110110000001000000000100000101101010000000100010110110101100010010
011101000001110110000001000000000100000100101000000000100010110010101111010110
011111000001110010100101001100001110000100111010010000100011110110101110000010
000110000011010010010001101100011100000100111010010000100011110110001111000010
100110100110001001101110111101110001011010101100110101101101001001010011000001
100010100110001001111110111101110011011010001100110111100101001001010011000001
001101000011100000010001100100111110010001111010001000000011111110101100000011
011110000001000000000001000100001110000101101000001000000010111010001101001110
011110000001000000000001000100101110000100100000001000000010111010001101011100
100011101110111111111110111101110001011010001110110111100101001101011010000001
100011101010001111111110111101010001011010101110110110100111001111111011000101
100011101010101111111110111101010001011010001110110110100111001101111011000001
001001000011100000010001100100011110000001111010000000000011111110100100000000
000011101010110111111110111101010001011110101110110110100111001111111111001101
001000000011000000000001100100010110000001111000000000000011110010100100100000
011110000001100000000001000100001110000101100000001000000010111010101101011110
100011101110011111111110111101110001011010001110110111100101001101011010100001
001110000001000000000001000100100110000001100000000000000010110010101101001000
001100000001000000000001000000001110000000111000000000000010111110101100001000
011100000001000000000001000010100110000000110000000000000010111110001101001010
000111100000110111111110111101000001001111101100011110100111001110111111001101
100010001110001011111110111001110000011010001101110101100101011101011010100001
011110000001000000000001000110000110000000100000001000000010111010001101011100
100011101000001111111110111101110001011110101100110111100101001101011011000101
011100000001000000000001000000100110010000110000000000000010011010001100001010
100011101010101111111110111101110001001110101111110101100101001101011011000101
100000100100010110001100001001111011011000001100100011100011001001010110000001
100011101010101111111110111101110001001110001111110111100101001101011011000001
001100000001000000000001000110100110000000110000000001000010110110001101011010
100011101000001111111110111101110001011110101100110111100101001101011011000101
011110000001000000000001000100001110000000101000001000000010111110001101011010
001100000001000000000001000010100110000000111000000000000010111110001101011010
101000000010000000000001100100000110010000111010000000000011111110000101000000
001100000001000000000001000010101110000001111000000000000010111110001101001010
001100000001000000000001000010100110000000110000000001000010110110001101011010
001100000001000000000001000010100110000000110000000000000010111110001101000010
100011101010100111111110111101010001001010001111110110100111001111111111000001
100011101010101111111110111101110001011110101111110101100101001101011011000101
100011101110011111111110111101110001011010001110110111100101001101011011000001
101000000011000000000001000110110110000000111000000000000011111110000101000000
001100000001000000000001000010001110000000111000000000000010111110001101001010
100011101110011111111110111101110001011010001110110111100101001101011010000001
011100000000000000000001000110000110000001110000000000000010011010001101001000
001100000001000000000001000010100110010000110000000000000010111110001100001010
011110000001000000000001001100000110000100101000001000000010111110001101000110
001110000010000000000001100100010110000001101000000000000011110010000101000000
100011101010101111111110111101110001011110101110110101100101001101011011000101
100011101010101111111110111101110001011010001110110111100101001101011010000001
010101001110100010010001101101011110010011110110100001100001111001100000000001
000110000001000000000001001101001110010010100000100001100000011000000001000000
000110000001000000000001001101000110010010100000100001100000011000000001010000
100111101010110111111110101001010001101101100111010110000111000110110111001111
100111100010110111111110101101010001001101101111011110000111000110110111001111
100111100010110111111110101101010001001101101111011110000111100110110110001111
010101001110000000010001101101011110010011110110110001100001111001000010000001
100111100010110111111110101101010000001101100011011110000111100110110111001111
000101001110000000010001100101011110010010110100100001100001111001000001000001
010110000001000000000101001101000110011010101000100001110000011000000001011000
100011101010110111111110101001010001101110101111011110000111000111110110001111
000110000000000000000001001110101110011010100000100001100000011000000001010000
000100001100000000000001001101011110010010111100100001100000011001000000000000
000100001100000000000001001111000110010010110100100001100000011001000001010001
001110100001110101111010001101000001001101101001001110000111000110110101001110
100011001010110111111110100101110000001100101111010100001111110111011110000111
000110000001000000000001001101000110010010100000100001100000011000000000010000
100111100000110111111110101100100001001101101101001110000111000100110110001111
000100001100000000000101001101001110010010110000100001100000011001000001010000
100011100010110111111110101101110000001101101111011100010111000100110111001111
100001101100110110011100001001100011001110111100100011100010000011010011000000
100111100011110111111110101101010001001101101111011110000111000100110111001111
001100001100000000000001000101000110010010110100100001100000011001000001010001
100111100000110111111110001100100000001101101101001110000111000100111111001111
000110000000000000000001001101001110010010100000100001100000011000000001010000
001100011100000000000001001111001110010010110100100001100000011001000000010000
001011001110000000010001101101011110010010110110110001100001111001000000000001
000100001100000000000001001110101110010010110100100001100000011001000000000000
000100011100000000000001001111000110010010110100100001100000011001000001010000
000100001100000000000001001111000110010010110100100001100000011001000001010001
100111100011110110111110101101010000001101101011011110000111000110110111001111
100111100010110111111110101101100000001101101111011100000111000100110111001111
100111101010110111111110101001110001001101101111011110000111000111111111001111
000000001110000000010001101101011110010010110100100001100001111001000000000001
000100001100000000000101001101001110010010110100100001100000011001000000000000
100011101010110111111110101101110001101101101111011110000111000101110110001111
000100000100000000000001000111101110011010111000000001100000011001000001010010
000100001100000000000101001111000110010010110100100001100000011001000000010011
010110000001000000000001001111000110010010100000100001100000111000000001010000
000110000010000000010001100101011110011010100000100001100001111000000001000001
100111100010110111111110101101100001001101101111011100000111000100110110001111
100111100010110111111110101101110000001101101111011110000111000110110111001111
110101000011010100000101100101010100001000101000010000000011110010111110000011
110111000001010000000101100100100100001100101000010001000010110010110111000010
011111000001010000000101100100100100001100101000010000000010110000010111000110
001000111110001111111010111111010011110010010110100111100101001101010000100001
000010111110001111111010111111010011010010010110110111100101001101110011100001
000010111110001111111010111101010011010010000110110111100101001101110001100001
110001000011010100000101100101100100001000101000010000000011110010111110000011
000010111110001111111110111111010011010010000110110111100101001111110001100001
100001000011010000000001100101100100001000101000010000000011010010010110000011
110111000011100000000101100101101100001100101000011001001010110010111111000110
001000111110001111111010111111010011010000000110100111100101001101010000100001
000111000011010000000001100101100100001100111000010000000010110010110111000010
010101000001010000000001100100101100001000101000000000000010010010011110000110
101101000001010000000001100100100100001100101000000000000010010000010100000110
001010111100001111111110011100000011011010000110110111100100001101010001101000
000000011110001011110010111111010100010000000110000101100101011101000000110001
110111000011010000000101100100100100001100101000010000000010110000010111000110
001010111100001111111110011111010011010010000110100111100100001101010011100001
100101000001010000000001100100101100001100111000000000000010010001010110000010
001010110110001011111110111111010011010010100110110101100101001101000011100001
100001100100010110001100000101110011001100011100000010100001000001010111000001
000010111110001111111110111111010011010010000110110111100101001101010001100001
100101000001010100000001100100101100001100101000000000000010010000011101000110
000110111100001111111110011111010011010010000110100111100100001101010011100001
110111000001010000000101000000100100001100111000010000001010110100010111000010
100101000001010100000001100100100100001000101000000000000010010000010111000110
100001000011010000000001100101111110001000111000000000000011010010010111000001
010101000001010000000001100100100100001100101000000000000010010000011110000110
100101000001010000000001100100100100001100101000000000000010010000010110000110
100101000001010000000001100100100100001000111000000000000010010001010110000010
000010111110101111111110111111010011010010010110110111100101001101110011100001
001010110110001011111110111111010011010010110110110101100101001101000011100001
000000111110001111111110111111010011010010010110100111100101001101010001100001
100001000011010100000001100101110100001000101000010000000011010010010110000011
110101000001010100000001100100100100001000111000000001000010010010011111000110
001000111110001111111010111111010011110010000110100111100101001101010000100001
000101000001010000000001100101100100001000101100000000000010010000011111000010
101101000001010100000101100100100100001100101000000001000010010001010110000110
110111000011010000000101100101100100001100101000010000001011110100110110000110
100111000011010000000101100101000100001100101000010000000011110010010111000011
001010110110001011111110111111010011010010100110110101100101001101010011100001
000010111110001111111110111111010011010010010110110111100101001101010011100001
010101000011100000010101100101111110000000111000000100000011110000100101000011
010110000001000000000101000100101110000100101000000000000010010000000101000010
010110000001000000000101000100101110000100101000000000000010010000000100000010
001011111110101111111110111101010011011010010110010111100101001111111101001101
001011111110101111111010111101010001011111100111010111100111101110110111001101
001011110110101111111010111101010001111111100111010111100111101110110110001101
010101000011000000010101100101111110000000011000000100000011110000100101000011
000011111110100111111010111101010001011111100010010110100111100110110111001101
000100000011000000010101100101111110000000011000000100000011110000000101000011
010111000001000000000101000100101110000100101000000000000010110000000101000010
000011111110101111111010111101010001011010000110110111100101001111110010100101
000110000001000000000101000110100110000000101000001000000010010000000101000010
000100000000000000000101000100101110000000111000000000000011010000000101001010
010100000001000000000101000100101110000000111000000001000010010000000100000010
001010110100011111101010011100000001011111100001011110100110000110110101001101
000011001110100111111110111101010000010010100110110101100101111111010011000001
010110000001000000000101000100101110000100101000000000000010010000000100000010
000010111100101111111110011101000001011110100110010011100100001111111100001101
000100000001000000000101000100101110000000111000000000000011010001000101000010
000011111110101111111010111101010001011111100110010101100101101111111010001101
100011101000011110111100101101110011001000101100000010100001000001010111000001
000011111110101111111110111101010001011110100111110110100101001110110111000101
000100000000000000000101000100101110000000111000000000000010010000000101001010
000010111100101111111110011101000001011110100100110011100100001111110101001101
000110000001000000000101000100101110000100101000001000000011110000000101000010
000100000000000000000101000110101110000000111000000000000010010000000101000010
100101000011000000010101100101111110000000111010000100000011110000000101000011
000100000000000000000101000100101110000000111000000000000011010000000101001010
000100000000000000000101000110101110000000111000000000000010010000000101000010
001101000000000000000101000110101110000000111000000000000010010000000101000010
000011111010100111111010111101010001011011100111011110100111101110111111001101
001011111110101111111110111101010001011110100110110101100101101111110010001101
001011111110101111111110111101010001011010000110110111100111001111111111001101
100100000010000000000101100101111110000000111000000100000011010000000101000011
000100000000000000000101000100101110000000111000000000000010010000000101101010
000011111110101111111110111101010001011010000110110111100111001111110011001101
000100000001000000000001000101101110000000111000000001000010010001000101000010
000101000001000000000101000100101110000000111000000000000011010000000100000010
010111000001000000000101000100101110000100101000001000001011110000000101000010
000110000011000000000101100101111110001000101000000000000011110000000101000001
001011111110101111111110111101010001011111100110110101110101001111110110001101
001011111110101111111110111101010001011110100110010111100111101111111101001101
010011001000100000010101101001111110001010011110110001100001110001111011000011
000110000001000000000001001100101110001000101100110001100001011001010010000010
100110000001000000100101001100111110010000101100110001110001010101010010000010
001001111110111110111010101001010001001111110111011110000111100110110101001101
010010110111110111111010101101010001011111100011011110000111100110111100001101
010011110111110111111010101101010001011111101011011010000111100110110100001101
000011001000010100010101101001011110000010011110110001100001111001110011000011
001110100111110111010010101100010000001111100011011010100010100110100100001111
000011001010000000010101101001111110000000011110110001100001111001010011100011
000110000001000000000101001100101110011010101100110001110001011001010010000010
000001111110110110111010111001010001011111111111011110000111100110110111001101
000110000001000000000101001111101110000000101100110001100001011101010011000010
000000001000000000000101001000101110000000011100100001100001011001010011000010
000100000000000000000101001101111110000000111100100001100001011001010011000010
110110100101000111001010001100000001111111100001001010000010000110100100001110
011011001110110111101110101101010000011101100111010100100111110110110111001111
000110000001000000000101001100101110010010101100110001100001011001010010000010
000010110101110110101010011100000001111111101001011010000110000110110100001100
100100000000000000000101001101101110000000011100100001100001011001010011000010
010011110111110011111010111101010001011111101011011100010111100110100100001101
100011101100110110001100001101100011101110101100000011100011000001010111000100
000011110111111110111010101101010000001111100011011110000111100110111100001101
001000001000000000000101000000101110000000011100100001100001011001010011000010
000010110101110111101010011100000001001111100001011010000110000110110100001100
000110000001000000000101001100101110000010101100110001100001011001010011000010
000000001000000000000101000100101110000000011100100001100001011001010011000010
001011001010000000010101100011011110000000011110110001000001110001010011000011
001000000000000000000101000100111110000010011100100001100001011001010011000010
001000001000000000000101000100101110000000011100100001100001011001010011000010
000000001000000000000101000100101110000000011100100001100001011001010011000010
010110110011110110011010101101010000001111100011011010000010100110101101001101
000011110111110010111010111101010001111111101011011000000111100110100100001101
000001111110110111111010101001010001001111110011011110000111100110110111001101
001001001010000000010101100101111110000010011100100001100001011001010011000011
000000001000000000000101000101111110000010011100100001100001011001010011000010
001001111110110110111010101001010001001111100011011110000111100110110111001101
000000000000000000000101000011101110000000111100100001000001011001010011000010
000100000000000000000101001100111110000010011100100001100001011001010011000010
000110000001000000000101001100101110001110101100110001110001010001010010000010
010011000011000000010101101101111110000000001100110001100001111001011010000011
000011110111110011111010101101010001101111101011011000010111100110100100001101
000011110111110111111010101101010001001111100011011110000111100110110101001101
1950,10
0110010111
0110110001
1001000110
0111110110
0111100001
0111100000
0110111110
0110011010
1001100111
1110110100
0111110000
0111110001
1011011000
1011001100
0110011010
0111110000
1111000110
0001100111
0111111001
0110110110
0110111000
0111111001
0111110000
0110011110
0111110000
0001010111
0111111001
0110110110
1010000011
0111100001
0110011100
0111100001
0110110110
0110011000
1011011000
0110011110
0110011110
0110110010
1101101110
0111111000
1001100111
0001011011
1011001111
1000001110
0111011001
1011001001
1111100001
1001101001
1010011000
0111110001
0010110000
0000010111
0100110000
0110011110
0110111001
1000001011
0110110001
0100011110
1011100001
0111100000
0110110110
0110010001
0100011101
0001101001
1000001110
1011001001
0100010110
0111110000
0111010111
1110111000
0111111001
1001001110
1101100010
1011000111
0010001111
1010011000
0110110110
0111110001
0110010111
0110010001
1000000110
0011110000
0111000000
0011010010
0110110110
0110011010
1001101111
1111000100
0111110000
0110010001
1011011000
1011000010
0110011010
0111010010
1011000110
0001100111
0111110001
0011010110
0110111000
0011001000
0111110000
0110011000
0111110000
0001010111
0011000100
0011110010
1000001011
0011000100
0110000100
0011000100
0111110110
0110010000
1011011001
0110011110
0010011110
0111110010
1101101010
1110011000
1001100111
0011011010
1011001111
1001001110
0111011001
1011001001
1011000001
1001000001
1010011000
0111110001
0010110001
0000010111
1101110000
0110011110
0110111001
1000001011
0110110001
0100011110
1011100000
0011100010
0110110001
0110110001
0100011100
1001101001
1000001110
1001001001
0001010110
0111100010
0011010110
1110111000
0011101000
1001001110
1101100010
1010000011
0010001110
1010011000
0011110010
0111000000
0110010110
0010010001
1000000110
0111010000
1011000011
1111001011
0110111010
0110011010
1101101110
1111000100
1011000000
0110010001
1011001001
1110001011
0110011010
1011011011
1011000011
0001000011
0111010001
0011010011
1110111000
0011001010
0111010000
0010011001
1011000010
0001010111
0011000111
0011010010
1000011110
0011000011
0010000110
0011000011
0111110010
1110010000
0001010001
0110000111
0010011110
0111110000
1101100010
1110011000
1101100100
0011011010
1010001111
1000001110
0111011001
1110001000
1011010011
1001000001
1110111000
1111100000
1010100011
0011011011
1101110000
0110011110
0111111000
1010000011
1110010001
1100011110
1011100000
0011000011
0010010001
0111110000
0001111100
1001000111
1001001110
1100001001
0000011011
1011000011
1111010010
1110111000
1011001010
1001001110
1100100010
1010000111
1010001011
1110011000
0111010010
1111010010
0110011100
1000110001
1000000110
1110010000
1011010011
1111101010
0110111010
0110011010
1101100100
1111000011
1011000010
0110010001
1110011000
1101101000
0110011010
1111011000
1001000011
0001100011
0011011001
0000011111
1110111000
1111001010
0011010000
0010011001
1011000010
0001010111
0011010011
1010010010
1001000010
1111010011
0010011110
1111000011
0110110000
1110010000
0101010011
0010000111
0110011110
1111010011
1011100010
1110111000
1101100000
0010010010
1010000111
1000001110
0111011001
1011001010
1001010001
1001100001
1110111000
1111100000
0110100001
0011011010
1001111000
0110001110
1111010000
1010000011
1110110001
1101011110
1011100000
1111000011
1110010001
0110110000
0011011111
1001011111
1001001110
1111001000
0000011111
1001000011
1111010101
1110111000
1011001011
1001001110
1101100010
1010000011
0010111100
1110001000
0110010000
1111010011
0110010110
0110110000
1001000110
0110010000
0110110000
0100110010
0110110110
0110011010
1001100110
1111000010
1111110000
0111110000
0010111000
1101101001
0110011010
0100110000
1001110110
0001100111
0110111001
0100110110
1110111000
0100011010
0111010010
0110011000
1111110010
0001010111
0100010010
0010010010
1011000010
1100010000
0110011100
1111110010
0110110000
1110010000
1001010011
0010011110
0110011110
0111110010
1101101010
0110110000
1101100110
0000011011
1010001111
1001001110
0111011001
1101001000
1111110000
1001100001
1110111000
0111110001
0110110000
0000011110
1101110010
0110001110
1110110000
1000001011
0110110001
1100011110
1011100001
1101110010
0110110010
0110010001
0000111111
1001111001
1000001110
1101001001
0100010110
0100110010
0110010111
1110111100
0100110000
1001001110
1111100010
1010000011
0010010101
1010011000
0110110000
1111010010
0110010111
0110110001
1001000110
0010110100
0110100111
0010000110
0110110110
0110011010
1001100111
1110110100
0111110000
0110110001
1010011100
1011001110
0110011010
0110110110
1101000111
0001100111
0110111001
0010110110
0110111000
0011100101
0111110010
0110011110
0111110000
0001010111
0010001101
0110110110
1011001011
0111100101
0110001100
0111100101
0110110110
0110010000
1011011000
0110011110
0110011110
0110110010
1101101110
0010111110
1001100111
0000011111
1010001111
1001001110
0111011001
1001001101
1111100011
1001001001
1010011000
0110110001
0010110111
0000010111
1100110010
0110011110
0110111001
1000001011
0110110001
0100011110
1011100000
0111100110
0110110010
0110010001
0100011101
1001101101
1000001110
1011001001
0000011111
0111000110
0001010111
1110111000
0011000100
1000001110
1101100010
1010000011
0010001111
1010011000
0110110110
0110110101
0110010110
1010010001
1000000110
0010110001
1000110111
1000110111
0010110110
0110011010
1000101110
1110100110
1000010111
0110010001
1010111011
1010100111
0110011110
1010110111
1000100111
0001001011
0010011101
0000011111
1010111110
0011000101
0110110010
0010011001
1010010110
0001010111
0000110111
0010010111
1011001010
0000110111
0011000100
0000100111
0011110100
0110010000
1011011001
0110010111
0010011110
0100110010
1100101110
1000111011
1000101111
0000111100
1010000111
1001001110
0111010001
1000001111
1000010111
1001010001
1010101000
0010110111
1010110011
0000010111
1100110110
0010011110
0110111000
1010000011
1110010001
0100011110
1011100010
0000100111
0010010001
0111110000
0000111111
1000011111
1000001110
1000001111
0000111111
1000110111
1011110110
1110110000
1010110111
1000001110
1101100010
1011100001
1010110111
1010111010
0010110001
1010110111
0010010111
1111111000
1000001110
0010010001
1000010101
1101011101
0010010110
0110011010
1100100000
1110110110
1000010111
0111010001
1111001000
1101000100
0110011010
1101011001
1101000101
0001011001
0110010101
0000011101
1010010000
1000011111
0110110100
0010011001
1000010111
0101010001
0000010111
1010010111
1110110010
1000011111
0011000111
1000010111
0010110000
0110011000
1000111011
1110100111
0110011100
1110110010
1101000111
1101011000
1100100011
0101111100
1000000111
1001101110
1111010001
1000011111
0101010101
1101000101
1010100010
1100010100
1110100100
1010010111
1001010110
0010011111
1100111000
1010100011
1110010001
1100010110
1111100001
1001010111
0110111000
0010110001
0000111111
1001001101
1001001110
1000001011
0101011100
1001010111
1111010101
1110000000
1001010111
1000001110
1100100010
1010111000
0111101100
1110001000
0010010001
1000010111
1110010111
1110111000
1100111110
0010010110
1011000101
1011100100
0111010100
0110011010
1101100101
1111000100
1001000101
0110110001
1011100100
1111100100
0110001100
1001100100
1001100110
0101001101
0101010101
0001110100
1011000101
0101010101
0110011100
0010011001
1011000101
0101000101
0101000101
1010010111
1110001010
1101000101
1000010111
1111000101
0110110000
0110011000
0101011111
0101000101
0110011100
1111000100
1001000111
1111100100
1101000111
0000111110
1010000111
1100111110
1111010001
1101000111
0001100100
1001000101
1110100000
1111000101
1010100100
1001010101
1001000101
0110010110
0111010100
1110101011
0110011001
1101000111
1010100111
1101000111
0110111100
0110011000
0001010101
0001100100
1000001111
1101000101
0101100100
1001000101
0010010111
1010110010
1011000111
1001001110
1100100010
0110111000
0010100100
1111100100
0110110000
1111000101
0100010110
0110101000
1000001110
0010010100
1001010110
1010110010
0010110110
0110011010
1101100111
1111000001
1001000111
0110110000
1011110000
1001100011
0110001010
1101110110
1001000110
0001000111
0101010001
0000110110
1110110110
1000110110
0011010000
0010011001
1011000111
0001010101
1000010111
1010010111
1011001010
1011110111
0000010100
1011100111
0110110001
0110011000
1001010111
0110001111
0110011110
1011000011
1000010111
1111100010
1101100111
0000011111
1010000111
1000001110
0111010001
1001000111
1111110010
1001101001
1010110000
1111000111
0110111000
0001010110
1101000110
0110010110
1111100000
1011001011
0110110000
1101011111
1000100010
1001110111
1110110100
0110010001
0010110111
1001101101
1000001110
1001100101
0100110110
1001010110
0000010111
1110111000
1010110110
1000001110
1111100010
0010010001
0010001101
1010001000
0010110000
1001100111
0110010111
0110110001
1001000110
0010110000
1100100001
1000100001
0110110110
0110011010
1001100111
1110110100
1111110000
0110110001
1010111001
1000101011
0110011010
1100101001
1101100101
0001101111
0110111001
0000111110
1110111000
0110110101
0111110010
0110011100
1111110000
0001010111
0110101001
0010110110
1011000011
1100100001
0110011110
0110100001
0110110110
1110011000
1011011000
0110011110
0110011110
0110110010
1100101111
1000111011
1001100111
0000011001
1010001111
1001001110
0111011001
1000001101
1010100001
1001001001
1010011100
0100100001
1000110001
0000010111
1100110010
0110001110
0110111001
1000001011
0100110001
0100011110
1011100000
1100100011
0110110010
0110010000
0100011101
1001101001
1001001110
1001001101
0000111111
1100111010
1000010111
1110111000
1000110001
1001001110
1101100010
1011000011
1010001111
1010001001
0010110010
1110110001
0000110110
0011010000
1001000110
0010010001
1000111001
1000111011
0010110010
0110011010
1100101111
1110100001
1000110001
0010010001
1010111001
1001101011
0110011111
1000111001
1001100001
0001101101
0010111001
0010111001
1010111000
1000111001
1110110010
0010011001
1000111001
0001110111
1000111001
1010111001
1011001110
1000111011
0010011111
1000110001
0010010110
0110011010
1101000001
0010110111
0010011110
0000110011
1000101011
1000111001
1000101111
0011111000
1010000111
1001001110
0001110001
1000101111
1011110001
1001011001
1010111110
1000111001
1010111001
0000110111
1000111001
0000011110
1100111001
1011000011
1110011001
1100111110
1001101010
1000111011
0011010000
1110010000
0000111101
1001110001
1001000111
1000101101
0000111001
1000111001
0010110011
1110110000
1000111001
1000001110
1101100110
1011000110
1010110001
1010111001
0010110000
1000111011
0001111110
0111000100
1101000110
0111010000
0101111011
0111011010
0111111010
1110111000
1100101010
1110110011
0001110011
0111010100
0111001010
0101001110
0100011010
0101001011
0101100011
0001100001
0101110001
0111011011
0101111010
0101111001
1010111010
1011010101
0001111010
0001110011
0101110011
0011011011
1010010110
0101111011
0001010100
0001111011
0110010001
1110010100
1000111101
1000100011
0110011100
1010110011
0101111010
0111001010
1101101010
0111011010
1000000111
1111000100
0101010001
1101110010
0111010001
1101000111
1010111100
0101110010
0111100100
0001011010
0001111010
0100011110
0111111000
1110000101
1110010000
1100011010
0101100010
0101110011
0111000110
1010010101
0000111011
0001000011
1001000111
1101101110
0101011101
0101111011
0101110110
1110100000
0101010011
1000001110
1000100110
1110010100
0111000111
0110101010
0111010100
0101110011
0101010111
1010111100
1110011110
0010011110
0001100111
0011100101
0011100111
0110011010
1101100101
0111000000
0001100111
1010010100
1010100101
1000100101
0100001011
0011100101
0001100111
0101001001
0101101001
0001101111
0011100101
0111100111
0111011010
1010011000
0001100111
0101100001
0101111101
0011010111
1110010010
0101111111
0101000111
0101111011
0110010010
1110011000
0101010011
0101000011
0110011110
0111110011
0001101111
0010100101
0101100111
0010111100
1010001111
1110001110
0111110001
0101100111
0011100111
1001100101
1110100000
0001100101
1010100101
0001010111
0001100111
0110001110
0111110000
1110000010
1010011000
0101000111
1001100101
0001100111
1010111100
1110010010
0011010111
0001100111
1000001111
0101100111
0010100101
0001100111
0000110101
1010111100
0011100111
1000001110
1100100010
1110010000
1010100101
1010100101
0110010000
0111100111
0000011111
1101110000
1001000110
0010010100
1000101101
1000001011
0010111110
0010011110
1001100111
1111100001
1001101101
0111110000
1010001000
1000001101
0110011011
1000101111
1001100110
0001100111
0110111001
0010101110
1010111000
1000001111
0011011110
0010010001
1001101100
0001010111
0001111101
0010010101
1011010011
1001101111
0000000111
1001101101
0110110001
0110010000
0001110111
0010001111
0110011110
0010010101
1100101110
1110101000
1101100111
0000111000
1011000111
1001000110
0111111001
1000000111
1111000010
1001001001
1010100010
1010101001
1110111000
0000011111
1100101101
0010011111
1111100001
1010000011
1110110000
1000011111
1101101000
1001100111
1110010000
0110010001
0001110101
1001101001
1000001110
1001100101
0100011110
1001101111
1000010111
1110111010
1010101110
1001001110
1010100011
0010010011
1010001011
1010001001
0010110100
1001100111
0110010111
0110110001
1001000110
0010110000
1010100001
1010110000
0110110110
0110011010
1001100111
1110110100
1111100000
0110010001
1010011000
1010101001
0110011010
1010101000
1011100010
0001001111
0111111001
0010110110
1110111000
1010110001
0111110010
0110011000
1111100000
0001010111
0011010001
0010110110
1011000011
1011010001
0110011101
1111110001
0110110110
1110011000
1011011001
0110011110
0110011110
0110110010
1101101010
1010111000
1001100111
0011011010
1010001111
1000001110
0111111001
1011001001
1011100001
1001001001
1010011000
1111100001
1010100001
0000010111
1100110000
0110001110
0110011001
1000001011
0110110001
0100011110
1011100000
1011110000
0110110010
0110010001
0100011101
1001101001
1000001110
1011001001
0000011110
1110110010
1010110111
1110111000
1010110000
1000001110
1101100010
0010000011
0010001110
1010001000
0010110000
1110100000
0010110001
0111010000
1001000110
0010010000
1010101010
1010101011
0010111010
0110011010
1001100110
1111000000
1010101000
0110010001
1010001010
1010101011
0110011010
1010101010
1010000010
0001001001
0110111001
0110111110
1110111000
1010111001
1111010010
0010011001
1010101000
0001011111
1010011001
1010011010
1001000110
1010111011
0011110001
1010001011
0010110000
0110010010
1001010001
1010101111
0110011110
1010110010
1110101010
1110011010
1000101010
0011011010
1010001111
1001011110
0110111001
1010101011
1110011010
1001001001
1010110000
1110101001
0010101011
1010111011
1110101000
0010001110
1110011000
1011000011
0110010000
1100001110
1011101000
1010101011
0110011010
1101110001
0000011110
1110001011
1000001111
1010101010
0010011110
1010101011
0010110001
1110110000
1010101011
1000001110
1101100010
0001110111
0010001110
1110001010
0010110001
1010101010
0011111011
1101110100
1100000110
0011010001
0110101011
0110100111
0010111010
1110001010
1110101110
1110100010
0010101011
0101010001
0110100100
0101100110
1110011010
0110101110
1110100111
0001011001
0110111001
0110001111
0110111010
0110001011
1111011100
0011010101
0010101011
0101101011
0110011010
0010001011
1001010110
0110001010
0011100011
0110101011
0111010001
1101010100
1001011011
1010101011
1110011100
1110111010
0110101011
0110111100
1110101010
0110011100
1000000111
1101000100
0111101001
0110101010
0110010100
1101000101
1110100010
0110101010
0110100101
0010111010
0010101010
0110011110
0110001010
1011000101
1110010100
1100001110
0111100111
0110101011
1111010100
1101010001
0010011010
1100000111
1000001111
1110100010
0100110101
0110101011
0111110011
1110110000
0110101011
1000001110
1101100110
1001110100
1110100101
0110100100
0111010001
0110101011
0010110111
1101010100
1100000110
1010010010
0011101101
1011110101
0010111000
0110011010
1100100001
1110100010
0011101001
1010010001
1011101101
1001100101
0110011010
0011101101
1011100101
0001100001
0011111001
0010101101
0010111001
0110111101
1110010010
1010010111
0011101001
0101110001
0010111101
0010011111
1100010110
0010111101
0000100111
0011101011
0110010001
1110010010
0100100111
0010100011
0110011110
0010010001
0001101111
1001111001
0101101001
1011011100
1010000111
1101000110
0011110001
0000100111
1011111100
1001000001
1110100010
0011111001
1011010000
0011111101
0001101001
0110111110
0110100001
1110000011
1110010000
0000100111
1101001000
0001101101
1111011100
0110010011
0010110101
1001000101
1101001111
0100100111
1001011100
0001101101
0001110001
1010001000
0011101101
1000001110
1100100011
1110010111
1111000100
1011111000
0010010101
0011100101
0000011110
1110110001
1000000110
0011011000
1011001000
1011001000
0010111110
0110011011
1001101111
1111000000
1011101001
0110110000
1011011000
1001001001
0110011010
1001001000
1011000000
0001100111
0111111001
0010111110
1010111000
1001011000
0011010010
0010010001
1011111000
0001010111
0011011000
0010011000
1001010011
1011011000
0000101100
1011011000
0010110001
0110010000
0001110111
0010011110
0010011110
0011011010
1101101010
1101011000
1101101111
0000011011
1011000111
1000001110
0011111001
1001101100
1111000000
1001100001
1010100010
1001111000
0110110001
0001011100
1101111000
0000011110
1111111001
1010000011
0110110000
1001011110
1111100001
1011001000
1110010010
0110010001
0001111100
1001101001
1000000111
1001101001
0100010110
1001101000
0001010111
1110001000
1011001000
1001001110
1100100011
1010110111
1010000111
1010011001
0010110000
1011011000
0110010110
0110110001
1000000110
0110110010
0111110001
1011010010
0110110110
0110011010
1001100111
1110100100
1111100000
0110110001
1011011000
1011010000
0110011010
1111010010
1111000010
0001100111
0111111001
0110110110
1110111000
0011010000
0111110000
0110011100
1111110000
0001010111
0111010001
0110110110
1010001011
1011010001
0110011110
0111110001
0110110110
0110011000
1011011001
0110011110
0110011110
0110110010
1101100010
1111011010
1001100111
0001011010
1010001111
1000001110
0111011001
1011001001
1111000010
1001001001
1010011000
0111100001
0010110010
0000010111
1100110010
0110011110
0110111001
1000001011
0110110001
0100011110
1011100000
1111010010
0110110010
0110010001
0100011101
1001101001
1000001110
1011001001
0100010110
0111010010
1011010011
1110111000
1011010000
1001001110
1101100010
1010000011
0010001111
1010001010
0110110000
1111010000
0110011100
0101110101
1000000110
0010010000
1011010010
1011011010
0110111110
0110011010
1101100110
1101000010
1110000010
0010010001
1011001010
1010001010
0110011010
1111011010
1101000010
0001000101
0111010001
0111010100
1110011000
1011011010
0101110100
0010011001
1011011010
0001010111
1011010000
1010010010
1010001111
1011010010
1110011000
1011010010
0110010000
0110011000
1011011001
0110001111
0110011110
1111110010
1000001010
1110011010
1100100110
0001011100
1010001111
1000001110
1111011000
1111001010
1101010000
1001000101
1110011000
1110011000
1010101111
1010011010
1100001010
0110011110
1111010000
1011001011
0110110001
1100011110
1011101010
1011011010
0110110100
1110110001
0011010110
1001110101
1000001111
1110000010
0000011111
1011011010
1010010110
1110110000
1011011010
1001001110
1100100010
0011100101
1010101101
1110001010
0110010000
1111010010
0110011100
0101110101
1101000100
0110011000
1001011110
1100011100
0010011110
0110011010
1110101100
1111000010
1010001010
0110010001
0101100101
1100101101
1110011100
0111011100
1001000010
0001010001
0111011000
0001011101
1110011000
1110011000
1101110010
0010011101
1010011110
0001110101
0101011010
1010011010
1110000111
1101011010
0110011100
1001011010
0110011001
0110010100
1101011011
1010101010
0110011110
1110110010
1000001110
0100111101
1110101110
0001110010
1000001111
1100001100
0111111000
1100001110
1001010101
1001100101
1110101000
1110011000
0101100101
1010011000
1110001010
0110011100
0111010010
1010000011
1110110001
1100011110
1001101010
1101011110
0101110101
0110110001
0010011110
1001110111
1001000111
1110001101
0001110101
1100011010
1010110100
1110110010
1111011000
1001001110
1100100010
0111110101
1001100101
0110100101
0110011001
1100011110
0110011100
1001110001
1000000111
0010010000
1011001010
1001111010
0010111010
0110011010
1101101111
1110100010
1001101000
0011110001
1011110010
1001100011
0110011010
1001011010
1001000010
0001001011
0111111000
0001011010
1011111000
0011011001
0110010010
0010011001
1011011000
0101110101
0001011010
0010011000
1000000110
1001011010
0001011100
0001001010
0110010001
0110011000
0101010111
0110001110
0110011110
0010110010
1101001010
0001110011
1101101100
0000010101
1010000111
1000001110
0111110001
1001001110
1001010010
1001100001
1110100000
0111111000
0110110101
1001011000
1101111000
0010011110
0111110000
1010000011
1110110001
1100011110
1011100001
1001001011
1011010010
0010010001
0001011101
1001100011
1000100111
1001101001
0001110110
1001001010
0011010111
1010111000
1011011010
1001001110
1100100010
1010010101
0110100111
1011010001
0010010001
1001011010
0110011110
0101110000
1001000110
0010010010
0111100001
0111110001
0010110110
0110011011
1001100111
1110000010
0111100001
0111110000
0011011000
1011001001
0110011010
0101110010
1011000011
0001100111
0110111001
0010110110
1111111000
0011011000
0011010010
0110011000
0111110000
0001010111
0011011010
0010010010
1001001011
0011011010
0111001110
0011110011
0011110000
0110011000
1001010011
0110011110
0110011110
0111110010
1101101010
0111110000
1001100111
0000011011
1011000111
1001001110
0111011001
1001001011
1111000010
1001101001
1010101010
0111110001
0110110000
0001011010
1101111000
0110011110
0111110001
1000001011
0110110000
1000011110
1011100000
0011001010
1100110110
0110010001
0001011000
1001101001
1000001110
1001001001
0100010110
0111111010
0010010111
1110111100
0011011000
1001001110
1101100010
1011000111
0010000101
1010011001
0010110010
0011010010
